Series ID,Year,Period,Label,Value,1-Month Net Change,1-Month % Change
JTS000000000000000OSL,2006,M01,2006 Jan,331,-66,-16.6
JTS000000000000000OSL,2006,M02,2006 Feb,384,53,16.0
JTS000000000000000OSL,2006,M03,2006 Mar,397,13,3.4
JTS000000000000000OSL,2006,M04,2006 Apr,423,26,6.5
JTS000000000000000OSL,2006,M05,2006 May,435,12,2.8
JTS000000000000000OSL,2006,M06,2006 Jun,412,-23,-5.3
JTS000000000000000OSL,2006,M07,2006 Jul,430,18,4.4
JTS000000000000000OSL,2006,M08,2006 Aug,368,-62,-14.4
JTS000000000000000OSL,2006,M09,2006 Sep,381,13,3.5
JTS000000000000000OSL,2006,M10,2006 Oct,410,29,7.6
JTS000000000000000OSL,2006,M11,2006 Nov,380,-30,-7.3
JTS000000000000000OSL,2006,M12,2006 Dec,367,-13,-3.4
JTS000000000000000OSL,2007,M01,2007 Jan,386,19,5.2
JTS000000000000000OSL,2007,M02,2007 Feb,369,-17,-4.4
JTS000000000000000OSL,2007,M03,2007 Mar,357,-12,-3.3
JTS000000000000000OSL,2007,M04,2007 Apr,367,10,2.8
JTS000000000000000OSL,2007,M05,2007 May,325,-42,-11.4
JTS000000000000000OSL,2007,M06,2007 Jun,353,28,8.6
JTS000000000000000OSL,2007,M07,2007 Jul,378,25,7.1
JTS000000000000000OSL,2007,M08,2007 Aug,335,-43,-11.4
JTS000000000000000OSL,2007,M09,2007 Sep,317,-18,-5.4
JTS000000000000000OSL,2007,M10,2007 Oct,328,11,3.5
JTS000000000000000OSL,2007,M11,2007 Nov,367,39,11.9
JTS000000000000000OSL,2007,M12,2007 Dec,356,-11,-3.0
JTS000000000000000OSL,2008,M01,2008 Jan,313,-43,-12.1
JTS000000000000000OSL,2008,M02,2008 Feb,343,30,9.6
JTS000000000000000OSL,2008,M03,2008 Mar,361,18,5.2
JTS000000000000000OSL,2008,M04,2008 Apr,372,11,3.0
JTS000000000000000OSL,2008,M05,2008 May,294,-78,-21.0
JTS000000000000000OSL,2008,M06,2008 Jun,294,0,0.0
JTS000000000000000OSL,2008,M07,2008 Jul,285,-9,-3.1
JTS000000000000000OSL,2008,M08,2008 Aug,370,85,29.8
JTS000000000000000OSL,2008,M09,2008 Sep,346,-24,-6.5
JTS000000000000000OSL,2008,M10,2008 Oct,368,22,6.4
JTS000000000000000OSL,2008,M11,2008 Nov,372,4,1.1
JTS000000000000000OSL,2008,M12,2008 Dec,309,-63,-16.9
JTS000000000000000OSL,2009,M01,2009 Jan,308,-1,-0.3
JTS000000000000000OSL,2009,M02,2009 Feb,301,-7,-2.3
JTS000000000000000OSL,2009,M03,2009 Mar,311,10,3.3
JTS000000000000000OSL,2009,M04,2009 Apr,324,13,4.2
JTS000000000000000OSL,2009,M05,2009 May,278,-46,-14.2
JTS000000000000000OSL,2009,M06,2009 Jun,288,10,3.6
JTS000000000000000OSL,2009,M07,2009 Jul,283,-5,-1.7
JTS000000000000000OSL,2009,M08,2009 Aug,311,28,9.9
JTS000000000000000OSL,2009,M09,2009 Sep,304,-7,-2.3
JTS000000000000000OSL,2009,M10,2009 Oct,308,4,1.3
JTS000000000000000OSL,2009,M11,2009 Nov,279,-29,-9.4
JTS000000000000000OSL,2009,M12,2009 Dec,300,21,7.5
JTS000000000000000OSL,2010,M01,2010 Jan,317,17,5.7
JTS000000000000000OSL,2010,M02,2010 Feb,343,26,8.2
JTS000000000000000OSL,2010,M03,2010 Mar,310,-33,-9.6
JTS000000000000000OSL,2010,M04,2010 Apr,299,-11,-3.5
JTS000000000000000OSL,2010,M05,2010 May,349,50,16.7
JTS000000000000000OSL,2010,M06,2010 Jun,325,-24,-6.9
JTS000000000000000OSL,2010,M07,2010 Jul,317,-8,-2.5
JTS000000000000000OSL,2010,M08,2010 Aug,321,4,1.3
JTS000000000000000OSL,2010,M09,2010 Sep,318,-3,-0.9
JTS000000000000000OSL,2010,M10,2010 Oct,293,-25,-7.9
JTS000000000000000OSL,2010,M11,2010 Nov,331,38,13.0
JTS000000000000000OSL,2010,M12,2010 Dec,312,-19,-5.7
JTS000000000000000OSL,2011,M01,2011 Jan,342,30,9.6
JTS000000000000000OSL,2011,M02,2011 Feb,325,-17,-5.0
JTS000000000000000OSL,2011,M03,2011 Mar,315,-10,-3.1
JTS000000000000000OSL,2011,M04,2011 Apr,317,2,0.6
JTS000000000000000OSL,2011,M05,2011 May,320,3,0.9
JTS000000000000000OSL,2011,M06,2011 Jun,308,-12,-3.8
JTS000000000000000OSL,2011,M07,2011 Jul,322,14,4.5
JTS000000000000000OSL,2011,M08,2011 Aug,297,-25,-7.8
JTS000000000000000OSL,2011,M09,2011 Sep,296,-1,-0.3
JTS000000000000000OSL,2011,M10,2011 Oct,359,63,21.3
JTS000000000000000OSL,2011,M11,2011 Nov,316,-43,-12.0
JTS000000000000000OSL,2011,M12,2011 Dec,303,-13,-4.1
JTS000000000000000OSL,2012,M01,2012 Jan,332,29,9.6
JTS000000000000000OSL,2012,M02,2012 Feb,315,-17,-5.1
JTS000000000000000OSL,2012,M03,2012 Mar,326,11,3.5
JTS000000000000000OSL,2012,M04,2012 Apr,319,-7,-2.1
JTS000000000000000OSL,2012,M05,2012 May,331,12,3.8
JTS000000000000000OSL,2012,M06,2012 Jun,339,8,2.4
JTS000000000000000OSL,2012,M07,2012 Jul,357,18,5.3
JTS000000000000000OSL,2012,M08,2012 Aug,356,-1,-0.3
JTS000000000000000OSL,2012,M09,2012 Sep,337,-19,-5.3
JTS000000000000000OSL,2012,M10,2012 Oct,336,-1,-0.3
JTS000000000000000OSL,2012,M11,2012 Nov,347,11,3.3
JTS000000000000000OSL,2012,M12,2012 Dec,367,20,5.8
JTS000000000000000OSL,2013,M01,2013 Jan,388,21,5.7
JTS000000000000000OSL,2013,M02,2013 Feb,331,-57,-14.7
JTS000000000000000OSL,2013,M03,2013 Mar,331,0,0.0
JTS000000000000000OSL,2013,M04,2013 Apr,334,3,0.9
JTS000000000000000OSL,2013,M05,2013 May,371,37,11.1
JTS000000000000000OSL,2013,M06,2013 Jun,342,-29,-7.8
JTS000000000000000OSL,2013,M07,2013 Jul,345,3,0.9
JTS000000000000000OSL,2013,M08,2013 Aug,362,17,4.9
JTS000000000000000OSL,2013,M09,2013 Sep,325,-37,-10.2
JTS000000000000000OSL,2013,M10,2013 Oct,303,-22,-6.8
JTS000000000000000OSL,2013,M11,2013 Nov,346,43,14.2
JTS000000000000000OSL,2013,M12,2013 Dec,334,-12,-3.5
JTS000000000000000OSL,2014,M01,2014 Jan,319,-15,-4.5
JTS000000000000000OSL,2014,M02,2014 Feb,371,52,16.3
JTS000000000000000OSL,2014,M03,2014 Mar,367,-4,-1.1
JTS000000000000000OSL,2014,M04,2014 Apr,358,-9,-2.5
JTS000000000000000OSL,2014,M05,2014 May,379,21,5.9
JTS000000000000000OSL,2014,M06,2014 Jun,345,-34,-9.0
JTS000000000000000OSL,2014,M07,2014 Jul,334,-11,-3.2
JTS000000000000000OSL,2014,M08,2014 Aug,375,41,12.3
JTS000000000000000OSL,2014,M09,2014 Sep,405,30,8.0
JTS000000000000000OSL,2014,M10,2014 Oct,384,-21,-5.2
JTS000000000000000OSL,2014,M11,2014 Nov,356,-28,-7.3
JTS000000000000000OSL,2014,M12,2014 Dec,419,63,17.7
JTS000000000000000OSL,2015,M01,2015 Jan,333,-86,-20.5
JTS000000000000000OSL,2015,M02,2015 Feb,371,38,11.4
JTS000000000000000OSL,2015,M03,2015 Mar,375,4,1.1
JTS000000000000000OSL,2015,M04,2015 Apr,383,8,2.1
JTS000000000000000OSL,2015,M05,2015 May,371,-12,-3.1
JTS000000000000000OSL,2015,M06,2015 Jun,400,29,7.8
JTS000000000000000OSL,2015,M07,2015 Jul,381,-19,-4.8
JTS000000000000000OSL,2015,M08,2015 Aug,380,-1,-0.3
JTS000000000000000OSL,2015,M09,2015 Sep,367,-13,-3.4
JTS000000000000000OSL,2015,M10,2015 Oct,378,11,3.0
JTS000000000000000OSL,2015,M11,2015 Nov,414,36,9.5
JTS000000000000000OSL,2015,M12,2015 Dec,366,-48,-11.6
JTS000000000000000OSL,2016,M01,2016 Jan,419,53,14.5
JTS000000000000000OSL,2016,M02,2016 Feb,376,-43,-10.3
JTS000000000000000OSL,2016,M03,2016 Mar,366,-10,-2.7
JTS000000000000000OSL,2016,M04,2016 Apr,384,18,4.9
JTS000000000000000OSL,2016,M05,2016 May,342,-42,-10.9
JTS000000000000000OSL,2016,M06,2016 Jun,350,8,2.3
JTS000000000000000OSL,2016,M07,2016 Jul,339,-11,-3.1
JTS000000000000000OSL,2016,M08,2016 Aug,345,6,1.8
JTS000000000000000OSL,2016,M09,2016 Sep,350,5,1.4
JTS000000000000000OSL,2016,M10,2016 Oct,387,37,10.6
JTS000000000000000OSL,2016,M11,2016 Nov,362,-25,-6.5
JTS000000000000000OSL,2016,M12,2016 Dec,374,12,3.3
JTS000000000000000OSL,2017,M01,2017 Jan,387,13,3.5
JTS000000000000000OSL,2017,M02,2017 Feb,376,-11,-2.8
JTS000000000000000OSL,2017,M03,2017 Mar,369,-7,-1.9
JTS000000000000000OSL,2017,M04,2017 Apr,353,-16,-4.3
JTS000000000000000OSL,2017,M05,2017 May,364,11,3.1
JTS000000000000000OSL,2017,M06,2017 Jun,339,-25,-6.9
JTS000000000000000OSL,2017,M07,2017 Jul,332,-7,-2.1
JTS000000000000000OSL,2017,M08,2017 Aug,362,30,9.0
JTS000000000000000OSL,2017,M09,2017 Sep,312,-50,-13.8
JTS000000000000000OSL,2017,M10,2017 Oct,341,29,9.3
JTS000000000000000OSL,2017,M11,2017 Nov,349,8,2.3
JTS000000000000000OSL,2017,M12,2017 Dec,295,-54,-15.5
JTS000000000000000OSL,2018,M01,2018 Jan,344,49,16.6
JTS000000000000000OSL,2018,M02,2018 Feb,329,-15,-4.4
JTS000000000000000OSL,2018,M03,2018 Mar,379,50,15.2
JTS000000000000000OSL,2018,M04,2018 Apr,341,-38,-10.0
JTS000000000000000OSL,2018,M05,2018 May,339,-2,-0.6
JTS000000000000000OSL,2018,M06,2018 Jun,363,24,7.1
JTS000000000000000OSL,2018,M07,2018 Jul,345,-18,-5.0
JTS000000000000000OSL,2018,M08,2018 Aug,319,-26,-7.5
JTS000000000000000OSL,2018,M09,2018 Sep,337,18,5.6
JTS000000000000000OSL,2018,M10,2018 Oct,326,-11,-3.3
JTS000000000000000OSL,2018,M11,2018 Nov,341,15,4.6
JTS000000000000000OSL,2018,M12,2018 Dec,308,-33,-9.7
JTS000000000000000OSL,2019,M01,2019 Jan,320,12,3.9
JTS000000000000000OSL,2019,M02,2019 Feb,347,27,8.4
JTS000000000000000OSL,2019,M03,2019 Mar,329,-18,-5.2
JTS000000000000000OSL,2019,M04,2019 Apr,316,-13,-4.0
JTS000000000000000OSL,2019,M05,2019 May,301,-15,-4.7
JTS000000000000000OSL,2019,M06,2019 Jun,322,21,7.0
JTS000000000000000OSL,2019,M07,2019 Jul,350,28,8.7
JTS000000000000000OSL,2019,M08,2019 Aug,309,-41,-11.7
JTS000000000000000OSL,2019,M09,2019 Sep,338,29,9.4
JTS000000000000000OSL,2019,M10,2019 Oct,362,24,7.1
JTS000000000000000OSL,2019,M11,2019 Nov,363,1,0.3
JTS000000000000000OSL,2019,M12,2019 Dec,350,-13,-3.6
JTS000000000000000OSL,2020,M01,2020 Jan,370,20,5.7
JTS000000000000000OSL,2020,M02,2020 Feb,320,-50,-13.5
JTS000000000000000OSL,2020,M03,2020 Mar,359,39,12.2
JTS000000000000000OSL,2020,M04,2020 Apr,361,2,0.6
JTS000000000000000OSL,2020,M05,2020 May,308,-53,-14.7
JTS000000000000000OSL,2020,M06,2020 Jun,323,15,4.9
JTS000000000000000OSL,2020,M07,2020 Jul,357,34,10.5
JTS000000000000000OSL,2020,M08,2020 Aug,333,-24,-6.7
JTS000000000000000OSL,2020,M09,2020 Sep,363,30,9.0
JTS000000000000000OSL,2020,M10,2020 Oct,347,-16,-4.4
JTS000000000000000OSL,2020,M11,2020 Nov,321,-26,-7.5
JTS000000000000000OSL,2020,M12,2020 Dec,338,17,5.3
JTS000000000000000OSL,2021,M01,2021 Jan,278,-60,-17.8
JTS000000000000000OSL,2021,M02,2021 Feb,319,41,14.7
JTS000000000000000OSL,2021,M03,2021 Mar,333,14,4.4
JTS000000000000000OSL,2021,M04,2021 Apr,354,21,6.3
JTS000000000000000OSL,2021,M05,2021 May,333,-21,-5.9
JTS000000000000000OSL,2021,M06,2021 Jun,397,64,19.2
JTS000000000000000OSL,2021,M07,2021 Jul,346,-51,-12.8
JTS000000000000000OSL,2021,M08,2021 Aug,383,37,10.7
JTS000000000000000OSL,2021,M09,2021 Sep,349,-34,-8.9
JTS000000000000000OSL,2021,M10,2021 Oct,379,30,8.6
JTS000000000000000OSL,2021,M11,2021 Nov,393,14,3.7
JTS000000000000000OSL,2021,M12,2021 Dec,377,-16,-4.1
JTS000000000000000OSL,2022,M01,2022 Jan,383,6,1.6
JTS000000000000000OSL,2022,M02,2022 Feb,344,-39,-10.2
JTS000000000000000OSL,2022,M03,2022 Mar,384,40,11.6
JTS000000000000000OSL,2022,M04,2022 Apr,327,-57,-14.8
JTS000000000000000OSL,2022,M05,2022 May,328,1,0.3
JTS000000000000000OSL,2022,M06,2022 Jun,367,39,11.9
